0.00000 1111.30600 1167.44000 889.13500 4020.50800 1652.24900 732.29700 1171.53200 601.85600 1323.93700
1139.42500 0.00000 643.18600 1331.27700 4840.66200 1301.77500 674.00300 996.37900 596.04200 1015.48300
1168.57100 699.00900 0.00000 1505.80400 4665.00400 1340.21600 703.14900 593.55500 767.82500 586.07600
866.13700 1287.77300 1409.80100 0.00000 4323.61500 1394.70300 1113.23900 1609.79600 849.32800 1704.87900
3820.06300 4684.70600 4615.58000 4124.20200 0.00000 5208.55800 4376.86400 4424.48600 4246.42300 4617.13000
1591.68800 1213.97000 1193.67100 1353.49900 5374.57100 0.00000 1390.85500 1546.86400 1120.18500 1565.96800
760.12400 604.44700 660.58100 1097.35700 4478.62400 1392.24800 0.00000 743.38800 367.88500 851.07200
1220.49700 984.41300 669.93800 1631.12700 4530.17700 1625.62000 828.47200 0.00000 901.65500 587.50600
647.71600 580.59500 702.62300 898.49200 4459.73200 1169.41000 393.62700 890.18400 0.00000 985.26700
1393.58900 1038.48300 646.69700 1730.82200 4702.42500 1679.69000 928.16700 584.43900 1001.35000 0.00000
