0.00000 1093.73700 1306.09800 671.33700 2288.42600 2326.09100 946.82300 1438.05700 1114.75700 1561.64400
1373.65800 0.00000 663.88200 912.00300 2556.24000 1903.39200 576.36400 970.60000 542.74500 986.27900
1646.22600 657.74100 0.00000 1528.81400 3127.06600 2138.29400 729.51900 693.03700 1170.98600 660.24600
824.18000 1050.47600 1262.83700 0.00000 1644.23700 1792.98100 900.31500 1391.54900 821.30900 1515.13600
2095.49400 2587.29900 2799.66000 1641.72800 0.00000 2895.70900 2437.13800 2319.28000 2227.41500 2555.55500
2136.66200 1636.55700 1901.65600 1464.48000 2767.83000 0.00000 1810.14600 2256.84400 1305.74900 2224.05300
916.71000 661.55100 873.91200 799.29800 2443.53500 2162.89800 0.00000 871.00100 771.25400 994.58800
1532.44900 760.67200 609.47000 1517.33300 2434.02900 2241.22500 718.03800 0.00000 1159.50500 236.27500
830.91300 654.55800 866.91900 369.25800 2013.49500 1837.88000 504.39700 995.63100 0.00000 1119.21800
1843.39200 984.77100 671.78800 1741.43200 2811.31200 2465.32400 942.13700 377.28300 1383.60400 0.00000
